5000.0 100.0 502.937176217
5001.01010101 100.252525253 503.384558044
5002.02020202 100.505050505 503.986108946
5003.03030303 100.757575758 504.28976306
5004.04040404 101.01010101 504.094740996
5005.05050505 101.262626263 503.640268223
5006.06060606 101.515151515 503.383962436
5007.07070707 101.767676768 503.577266123
5008.08080808 102.02020202 504.035258617
5009.09090909 102.272727273 504.316072444
5010.1010101 102.525252525 504.141503306
5011.11111111 102.777777778 503.664500826
5012.12121212 103.03030303 503.332606557
5013.13131313 103.282828283 503.474799741
5014.14141414 103.535353535 503.998271817
5015.15151515 103.787878788 504.478777624
5016.16161616 104.04040404 504.559735703
5017.17171717 104.292929293 504.286225174
5018.18181818 104.545454545 504.061103092
5019.19191919 104.797979798 504.264441981
5020.2020202 105.050505051 504.892874925
5021.21212121 105.303030303 505.556883766
5022.22222222 105.555555556 505.838941907
5023.23232323 105.808080808 505.677548994
5024.24242424 106.060606061 505.417969709
5025.25252525 106.313131313 505.482597032
5026.26262626 106.565656566 505.97002868
5027.27272727 106.818181818 506.558642303
5028.28282828 107.070707071 506.805226034
5029.29292929 107.323232323 506.55917384
5030.3030303 107.575757576 506.104426509
5031.31313131 107.828282828 505.89618023
5032.32323232 108.080808081 506.138756677
5033.33333333 108.333333333 506.599675525
5034.34343434 108.585858586 506.833697976
5035.35353535 108.838383838 506.60663384
5036.36363636 109.090909091 506.121602831
5037.37373737 109.343434343 505.835426672
5038.38383838 109.595959596 506.036672685
5039.39393939 109.848484848 506.580119747
5040.4040404 110.101010101 507.026008059
5041.41414141 110.353535354 507.053465728
5042.42424242 110.606060606 506.760856614
5043.43434343 110.858585859 506.571797227
5044.44444444 111.111111111 506.834971743
5045.45454545 111.363636364 507.49271957
5046.46464646 111.616161616 508.129056515
5047.47474747 111.868686869 508.352539153
5048.48484848 112.121212121 508.15586317
5049.49494949 112.373737374 507.915891954
5050.50505051 112.626262626 508.034520745
5051.51515152 112.878787879 508.557083642
5052.52525253 113.131313131 509.125978378
5053.53535354 113.383838384 509.313185699
5054.54545455 113.636363636 509.020445212
5055.55555556 113.888888889 508.572383939
5056.56565657 114.141414141 508.415316796
5057.57575758 114.393939394 508.703599743
5058.58585859 114.646464646 509.160622007
5059.5959596 114.898989899 509.344259829
5060.60606061 115.151515152 509.067800334
5061.61616162 115.404040404 508.581724022
5062.62626263 115.656565657 508.34567582
5063.63636364 115.909090909 508.6037479
5064.64646465 116.161616162 509.160437875
5065.65656566 116.414141414 509.56679837
5066.66666667 116.666666667 509.542263452
5067.67676768 116.919191919 509.237043281
5068.68686869 117.171717172 509.089389251
5069.6969697 117.424242424 509.411524966
5070.70707071 117.676767677 510.092230549
5071.71717172 117.929292929 510.694914413
5072.72727273 118.181818182 510.859718873
5073.73737374 118.434343434 510.633535508
5074.74747475 118.686868687 510.419329814
5075.75757576 118.939393939 510.592659092
5076.76767677 119.191919192 511.144883781
5077.77777778 119.444444444 511.687510248
5078.78787879 119.696969697 511.813835931
5079.7979798 119.949494949 511.479371379
5080.80808081 120.202020202 511.044820642
5081.81818182 120.454545455 510.941287435
5082.82828283 120.707070707 511.271035152
5083.83838384 120.95959596 511.71738552
5084.84848485 121.212121212 511.847772062
5085.85858586 121.464646465 511.525741731
5086.86868687 121.717171717 511.045646702
5087.87878788 121.96969697 510.863455882
5088.88888889 122.222222222 511.17535803
5089.8989899 122.474747475 511.738418517
5090.90909091 122.727272727 512.100957978
5091.91919192 122.97979798 512.026731999
5092.92929293 123.232323232 511.715612505
5093.93939394 123.484848485 511.614148711
5094.94949495 123.737373737 511.993551686
5095.95959596 123.98989899 512.690542607
5096.96969697 124.242424242 513.254075588
5097.97979798 124.494949495 513.360928521
5098.98989899 124.747474747 513.111412792
5100.0 125.0 512.92872682
