15070000 0.25 1.97750207947
15070000 0.5 2.19917979902
15070000 0.75 -2.12119868721
15070000 1.0 1.31638398431
15070000 1.25 6.65573829316
15070000 1.5 5.2556864204
15070000 1.75 3.60324371681
15070000 2.0 7.14542090171
15070000 2.25 4.31386594133
15070000 2.5 6.15979128441
15070000 2.75 3.05461040404
15070000 3.0 5.54604173397
15070000 3.25 4.63922001932
15070000 3.5 6.47587978329
15070000 3.75 6.97152832227
15070000 4.0 7.48637328179
15070000 4.25 7.0362746153
15070000 4.5 5.34047470724
15070000 4.75 9.13245426945
15070000 5.0 7.18038854509
15070000 5.25 10.296813436
15070000 5.5 5.36537026339
15070000 5.75 16.0539343693
15070000 6.0 13.8871429153
15070000 6.25 12.7029528235
15070000 6.5 13.3042624949
15070000 6.75 13.8992443065
15070000 7.0 14.1658436032
15070000 7.25 19.1750967102
15070000 7.5 18.1391089253
15070000 7.75 16.4813590164
15070000 8.0 10.3441041309
15070000 8.25 17.6645072176
15070000 8.5 18.0829793164
15070000 8.75 18.0263481231
15070000 9.0 18.4135070152
15070000 9.25 15.5181570816
15070000 9.5 19.069390773
15070000 9.75 16.9399795559
15070000 10.0 12.8256547387
15070000 10.25 21.762636113
15070000 10.5 13.9691961623
15070000 10.75 20.6847272247
15070000 11.0 23.2585230759
15070000 11.25 20.5625837108
15070000 11.5 16.6636865218
15070000 11.75 13.6680997783
15070000 12.0 19.5521346988
15070000 12.25 10.202336664
15070000 12.5 19.069390773
15070000 12.75 18.7620173458
15070000 13.0 22.9154339487
15070000 13.25 20.5985223922
15070000 13.5 18.3050866437
15070000 13.75 19.2120143949
15070000 14.0 17.4906365122
15070000 14.25 16.1486179834
15070000 14.5 18.2917792858
15070000 14.75 21.8419183107
15070000 15.0 13.0570764139
15070000 15.25 21.1303722243
15070000 15.5 20.4613855613
15070000 15.75 20.4172956161
15070000 16.0 18.5601056374
15070000 16.25 11.4941070342
15070000 16.5 10.8926088516
15070000 16.75 10.296813436
15070000 17.0 9.70930274916
15070000 17.25 11.1334631714
15070000 17.5 6.13491924788
15070000 17.75 5.78865123563
15070000 18.0 2.88865983353
15070000 18.25 4.66466053717
15070000 18.5 6.47587978329
15070000 18.75 1.9022915783
15070000 19.0 5.54604173397
15070000 19.25 2.57295535314
15070000 19.5 4.70245386884
15070000 19.75 11.5193381329
15070000 20.0 -3.36386688611
15070000 20.25 5.97229162367
15070000 20.5 -4.20253220536
15070000 20.75 2.97973530344
15070000 21.0 5.65817300075
15070000 21.25 6.76931675165
15070000 21.5 4.37899039412
15070000 21.75 2.59527451034
15070000 22.0 0.0841972260386
15070000 22.25 1.58698259178
15070000 22.5 3.56644378382
15070000 22.75 -0.745257835094
15070000 23.0 6.05219117987
15070000 23.25 -6.87428960877
15070000 23.5 0.876415024678
15070000 23.75 6.53490061818
15070000 24.0 1.7307505462
15070000 24.25 -5.39301548513
15070000 24.5 0.521046740721
15070000 24.75 -0.838997212603
15070000 25.0 0.395772579149
15070001 0.25 1.97750207947
15070001 0.5 1.33797146006
15070001 0.75 2.43960092896
15070001 1.0 2.69954832566
15070001 1.25 2.97973530344
15070001 1.5 2.52075753138
15070001 1.75 3.60324371681
15070001 2.0 -1.88652266904
15070001 2.25 1.67720323825
15070001 2.5 6.03246125474
15070001 2.75 -0.354432620429
15070001 3.0 8.86865816516
15070001 3.25 11.8642164705
15070001 3.5 4.11812175058
15070001 3.75 6.97152832227
15070001 4.0 7.91042503612
15070001 4.25 8.0191663671
15070001 4.5 3.92784794068
15070001 4.75 3.86757763755
15070001 5.0 8.40404172114
15070001 5.25 10.296813436
15070001 5.5 13.7678074034
15070001 5.75 8.64519504935
15070001 6.0 10.9896278832
15070001 6.25 12.7029528235
15070001 6.5 13.3042624949
15070001 6.75 9.44752145496
15070001 7.0 12.7601324074
15070001 7.25 11.8704414504
15070001 7.5 15.6126966683
15070001 7.75 13.7741296581
15070001 8.0 16.6612301446
15070001 8.25 22.0855307188
15070001 8.5 18.7940067906
15070001 8.75 11.4415027034
15070001 9.0 11.4264631351
15070001 9.25 18.7620173458
15070001 9.5 19.660486864
15070001 9.75 20.2105827347
15070001 10.0 26.1689621525
15070001 10.25 19.7239665454
15070001 10.5 23.5509137749
15070001 10.75 23.7089642319
15070001 11.0 13.8000972408
15070001 11.25 17.5998716867
15070001 11.5 21.7901720997
15070001 11.75 19.7239665454
15070001 12.0 19.8164106937
15070001 12.25 19.6439716464
15070001 12.5 19.069390773
15070001 12.75 14.6630474796
15070001 13.0 18.4135070152
15070001 13.25 18.0263481231
15070001 13.5 17.1645779245
15070001 13.75 17.147192751
15070001 14.0 16.1232534706
15070001 14.25 15.750990431
15070001 14.5 17.7871765829
15070001 14.75 9.10593423912
15070001 15.0 13.768032385
15070001 15.25 13.8992443065
15070001 15.5 11.3696237301
15070001 15.75 15.9283722995
15070001 16.0 9.84174761517
15070001 16.25 4.75710915942
15070001 16.5 10.8926088516
15070001 16.75 5.9499689206
15070001 17.0 9.70930274916
15070001 17.25 9.13245426945
15070001 17.5 8.56842960239
15070001 17.75 7.0887761308
15070001 18.0 3.68261828164
15070001 18.25 6.97152832227
15070001 18.5 -0.963761766016
15070001 18.75 5.2261651408
15070001 19.0 12.0552997616
15070001 19.25 6.34958177256
15070001 19.5 -1.01952234577
15070001 19.75 6.94231091058
15070001 20.0 3.94750791504
15070001 20.25 5.3563325595
15070001 20.5 3.28079073873
15070001 20.75 2.97973530344
15070001 21.0 5.96407536835
15070001 21.25 2.43960092896
15070001 21.5 2.19917979902
15070001 21.75 1.97750207947
15070001 22.0 -2.5871351273
15070001 22.25 1.58698259178
15070001 22.5 10.0597853083
15070001 22.75 2.59497555245
15070001 23.0 -5.34189268496
15070001 23.25 0.99186771959
15070001 23.5 4.91240523046
15070001 23.75 2.28214852971
15070001 24.0 -0.608922426114
15070001 24.25 8.61983671159
15070001 24.5 -0.326997592915
15070001 24.75 0.45467812508
15070001 25.0 -6.50237201077
15070002 0.25 0.709606563881
15070002 0.5 6.15441962765
15070002 0.75 0.259441453866
15070002 1.0 8.64169440644
15070002 1.25 10.2050601769
15070002 1.5 -1.09603611055
15070002 1.75 3.60324371681
15070002 2.0 3.94750791504
15070002 2.25 -3.23073974333
15070002 2.5 5.1612013959
15070002 2.75 -0.835962481892
15070002 3.0 5.54604173397
15070002 3.25 6.00045003485
15070002 3.5 1.79929996217
15070002 3.75 6.26277645866
15070002 4.0 9.79219558433
15070002 4.25 2.3154651247
15070002 4.5 9.5118799863
15070002 4.75 5.88295175516
15070002 5.0 16.0120332623
15070002 5.25 17.5913878402
15070002 5.5 11.4316008413
15070002 5.75 13.9235774115
15070002 6.0 12.098536226
15070002 6.25 10.3177201587
15070002 6.5 7.6067371384
15070002 6.75 13.3754751078
15070002 7.0 14.4845776381
15070002 7.25 15.0568716077
15070002 7.5 17.5287470907
15070002 7.75 16.1486179834
15070002 8.0 16.6612301446
15070002 8.25 14.6103164109
15070002 8.5 13.8019772579
15070002 8.75 18.3638368192
15070002 9.0 14.7595946005
15070002 9.25 15.6796530411
15070002 9.5 14.728690301
15070002 9.75 16.8460223835
15070002 10.0 27.4516263455
15070002 10.25 23.0898056477
15070002 10.5 17.1573589019
15070002 10.75 19.529710995
15070002 11.0 15.0318557897
15070002 11.25 25.5943779048
15070002 11.5 19.8476273739
15070002 11.75 19.7239665454
15070002 12.0 19.5521346988
15070002 12.25 19.3334058401
15070002 12.5 14.4081229154
15070002 12.75 18.8864691235
15070002 13.0 18.0214497588
15070002 13.25 25.543309562
15070002 13.5 17.6032663382
15070002 13.75 14.8823632734
15070002 14.0 14.5685670172
15070002 14.25 13.8528123448
15070002 14.5 21.8517158893
15070002 14.75 8.45485806851
15070002 15.0 14.645052738
15070002 15.25 13.8992443065
15070002 15.5 14.5401080134
15070002 15.75 12.7029528235
15070002 16.0 12.098536226
15070002 16.25 9.14750058094
15070002 16.5 10.8926088516
15070002 16.75 4.83642813268
15070002 17.0 9.91772133353
15070002 17.25 9.13245426945
15070002 17.5 5.21968230497
15070002 17.75 9.3383233852
15070002 18.0 5.38495543438
15070002 18.25 0.781478715472
15070002 18.5 4.32432684685
15070002 18.75 3.74557319777
15070002 19.0 5.84316848327
15070002 19.25 2.72182442071
15070002 19.5 12.1850030261
15070002 19.75 11.1920568132
15070002 20.0 1.06088798535
15070002 20.25 4.23727039675
15070002 20.5 3.28079073873
15070002 20.75 3.05250595104
15070002 21.0 3.01774756076
15070002 21.25 3.46959946235
15070002 21.5 2.19917979902
15070002 21.75 0.468129950499
15070002 22.0 1.12952476051
15070002 22.25 2.47910039281
15070002 22.5 -0.933421476165
15070002 22.75 1.26091099576
15070002 23.0 5.39249931611
15070002 23.25 7.48430259551
15070002 23.5 0.876415024678
15070002 23.75 0.77246735672
15070002 24.0 2.97376359782
15070002 24.25 0.546737432796
15070002 24.5 0.521046740721
15070002 24.75 0.45467812508
15070002 25.0 2.2746072817
15070003 0.25 1.97750207947
15070003 0.5 -3.55930495273
15070003 0.75 -1.91879487557
15070003 1.0 6.58856211423
15070003 1.25 -5.28097013252
15070003 1.5 4.78869052042
15070003 1.75 10.8546225485
15070003 2.0 3.94750791504
15070003 2.25 14.6089088641
15070003 2.5 -2.30130962653
15070003 2.75 12.2421886908
15070003 3.0 -0.246303930496
15070003 3.25 6.00045003485
15070003 3.5 11.8291926681
15070003 3.75 6.97152832227
15070003 4.0 0.65905063206
15070003 4.25 0.100644580965
15070003 4.5 11.8077364894
15070003 4.75 8.93284413401
15070003 5.0 6.26925856881
15070003 5.25 11.1485376204
15070003 5.5 12.345403619
15070003 5.75 7.21318965991
15070003 6.0 12.098536226
15070003 6.25 10.2476185424
15070003 6.5 10.8709714811
15070003 6.75 8.0338406405
15070003 7.0 12.6154023278
15070003 7.25 9.11588069702
15070003 7.5 21.2932299278
15070003 7.75 12.8086764546
15070003 8.0 17.8615694853
15070003 8.25 16.1641536441
15070003 8.5 18.9204211568
15070003 8.75 17.1185649896
15070003 9.0 19.1740480249
15070003 9.25 16.7478386659
15070003 9.5 21.8078902829
15070003 9.75 19.7629402489
15070003 10.0 19.5521346988
15070003 10.25 14.4491387489
15070003 10.5 19.8476273739
15070003 10.75 19.9221957047
15070003 11.0 19.9471140201
15070003 11.25 20.3625145569
15070003 11.5 27.7710636193
15070003 11.75 19.7239665454
15070003 12.0 14.4651543013
15070003 12.25 19.3334058401
15070003 12.5 25.4436398097
15070003 12.75 18.7620173458
15070003 13.0 20.9866369169
15070003 13.25 18.0263481231
15070003 13.5 12.392781488
15070003 13.75 17.147192751
15070003 14.0 15.6507272014
15070003 14.25 23.2077194801
15070003 14.5 10.0672576851
15070003 14.75 15.0568716077
15070003 15.0 14.4845776381
15070003 15.25 16.7774239381
15070003 15.5 14.3288229635
15070003 15.75 9.41084247607
15070003 16.0 13.0264755517
15070003 16.25 6.76390694581
15070003 16.5 10.8926088516
15070003 16.75 7.85544371489
15070003 17.0 9.70930274916
15070003 17.25 9.13245426945
15070003 17.5 8.56842960239
15070003 17.75 1.47931762113
15070003 18.0 13.4078428355
15070003 18.25 6.97152832227
15070003 18.5 6.47587978329
15070003 18.75 0.906741216051
15070003 19.0 5.54604173397
15070003 19.25 6.08947800303
15070003 19.5 4.24690865079
15070003 19.75 6.06495717333
15070003 20.0 4.67028796461
15070003 20.25 1.77866635256
15070003 20.5 8.8879516114
15070003 20.75 1.82211478431
15070003 21.0 9.87856055724
15070003 21.25 6.97674762645
15070003 21.5 2.19917979902
15070003 21.75 1.3812633808
15070003 22.0 1.77372964231
15070003 22.25 2.0839935074
15070003 22.5 -0.68764585073
15070003 22.75 1.26091099576
15070003 23.0 6.73031388085
15070003 23.25 1.56327785279
15070003 23.5 2.3507584197
15070003 23.75 2.8054510566
15070003 24.0 -0.040010848025
15070003 24.25 2.61508695268
15070003 24.5 2.38512240111
15070003 24.75 0.938384435514
15070003 25.0 -0.21517922084
15070004 0.25 4.29864276125
15070004 0.5 9.74866078589
15070004 0.75 2.43960092896
15070004 1.0 1.44478171683
15070004 1.25 -3.7636906696
15070004 1.5 6.24229989076
15070004 1.75 4.04053255071
15070004 2.0 -4.8587605942
15070004 2.25 4.31386594133
15070004 2.5 4.70245386884
15070004 2.75 7.05478811965
15070004 3.0 0.416922114449
15070004 3.25 16.1578303954
15070004 3.5 4.43235314478
15070004 3.75 0.992958600678
15070004 4.0 3.28410404202
15070004 4.25 9.77979576138
15070004 4.5 11.4122208774
15070004 4.75 13.7313157139
15070004 5.0 1.74202461068
15070004 5.25 6.4956708286
15070004 5.5 19.1620087252
15070004 5.75 11.4941070342
15070004 6.0 6.2444926292
15070004 6.25 14.5358861777
15070004 6.5 12.1531576684
15070004 6.75 13.8992443065
15070004 7.0 14.4845776381
15070004 7.25 15.6299269935
15070004 7.5 15.6126966683
15070004 7.75 16.1486179834
15070004 8.0 14.7561350366
15070004 8.25 17.147192751
15070004 8.5 18.1226151165
15070004 8.75 18.0263481231
15070004 9.0 18.8977931227
15070004 9.25 18.7840153469
15070004 9.5 18.8133827118
15070004 9.75 25.6435189939
15070004 10.0 15.0480996714
15070004 10.25 20.3279099368
15070004 10.5 11.9193041717
15070004 10.75 17.4957134685
15070004 11.0 19.9471140201
15070004 11.25 19.9221957047
15070004 11.5 18.7564308105
15070004 11.75 22.6947093071
15070004 12.0 19.5521346988
15070004 12.25 14.6858653153
15070004 12.5 18.371685758
15070004 12.75 18.7620173458
15070004 13.0 18.4135070152
15070004 13.25 18.0263481231
15070004 13.5 14.7807494684
15070004 13.75 17.147192751
15070004 14.0 22.6345663436
15070004 14.25 16.1486179834
15070004 14.5 15.6126966683
15070004 14.75 8.36919739433
15070004 15.0 14.4845776381
15070004 15.25 13.8992443065
15070004 15.5 13.3042624949
15070004 15.75 19.6124870777
15070004 16.0 12.098536226
15070004 16.25 13.5417982653
15070004 16.5 10.8926088516
15070004 16.75 9.02175829738
15070004 17.0 8.83504931778
15070004 17.25 9.13245426945
15070004 17.5 6.83025558678
15070004 17.75 8.0191663671
15070004 18.0 4.54720897805
15070004 18.25 9.28783672293
15070004 18.5 6.47587978329
15070004 18.75 8.82672079033
15070004 19.0 12.4307304164
15070004 19.25 5.1132462282
15070004 19.5 7.28218233741
15070004 19.75 7.23146115294
15070004 20.0 3.94750791504
15070004 20.25 -2.71590379026
15070004 20.5 4.29328753338
15070004 20.75 0.86258907382
15070004 21.0 2.69954832566
15070004 21.25 2.43960092896
15070004 21.5 2.19917979902
15070004 21.75 3.86861436373
15070004 22.0 -4.7631439669
15070004 22.25 3.53253418278
15070004 22.5 1.41635188708
15070004 22.75 1.26091099576
15070004 23.0 10.2701264426
15070004 23.25 11.0933523975
15070004 23.5 -0.730396186781
15070004 23.75 0.77246735672
15070004 24.0 4.29369655082
15070004 24.25 -2.34345962481
15070004 24.5 -2.15174764769
15070004 24.75 0.45467812508
15070004 25.0 0.395772579149
15070005 0.25 1.97750207947
15070005 0.5 2.19917979902
15070005 0.75 4.0382242623
15070005 1.0 2.69954832566
15070005 1.25 2.97973530344
15070005 1.5 4.91519576581
15070005 1.75 -0.253675979952
15070005 2.0 3.94750791504
15070005 2.25 6.62686782853
15070005 2.5 -2.60732491364
15070005 2.75 -0.940722344887
15070005 3.0 9.05715879201
15070005 3.25 6.00045003485
15070005 3.5 13.4982865727
15070005 3.75 6.97152832227
15070005 4.0 6.15188737359
15070005 4.25 8.0191663671
15070005 4.5 14.7578291886
15070005 4.75 10.2361200677
15070005 5.0 13.9042983654
15070005 5.25 12.0351629672
15070005 5.5 10.8926088516
15070005 5.75 11.4941070342
15070005 6.0 11.5215424913
15070005 6.25 18.8870008509
15070005 6.5 17.5695192487
15070005 6.75 11.6549810977
15070005 7.0 9.12802320826
15070005 7.25 17.7648480007
15070005 7.5 12.6889015998
15070005 7.75 11.1452232616
15070005 8.0 24.0654808929
15070005 8.25 21.1582559888
15070005 8.5 9.96880213982
15070005 8.75 26.2473954112
15070005 9.0 18.4135070152
15070005 9.25 19.2668904744
15070005 9.5 19.069390773
15070005 9.75 25.1480535838
15070005 10.0 21.5631983132
15070005 10.25 14.6560199165
15070005 10.5 21.2983460272
15070005 10.75 20.0709093596
15070005 11.0 19.982300946
15070005 11.25 26.1968924796
15070005 11.5 21.869757242
15070005 11.75 17.4367514546
15070005 12.0 14.559539101
15070005 12.25 19.3334058401
15070005 12.5 19.069390773
15070005 12.75 18.9432285048
15070005 13.0 17.1853513593
15070005 13.25 20.0246371206
15070005 13.5 17.6032663382
15070005 13.75 17.147192751
15070005 14.0 9.94322332108
15070005 14.25 17.3443283468
15070005 14.5 8.20649884009
15070005 14.75 15.1360557583
15070005 15.0 13.844811995
15070005 15.25 13.8992443065
15070005 15.5 7.01070573917
15070005 15.75 12.7029528235
15070005 16.0 12.098536226
15070005 16.25 9.8464028155
15070005 16.5 11.4096433961
15070005 16.75 6.77390123357
15070005 17.0 9.70930274916
15070005 17.25 7.2351806894
15070005 17.5 10.6150797998
15070005 17.75 8.0191663671
15070005 18.0 7.48637328179
15070005 18.25 8.83469107894
15070005 18.5 6.3890172003
15070005 18.75 1.99538032287
15070005 19.0 5.54604173397
15070005 19.25 5.1132462282
15070005 19.5 2.33258943279
15070005 19.75 4.31386594133
15070005 20.0 -1.15775099919
15070005 20.25 5.80242442856
15070005 20.5 3.28079073873
15070005 20.75 2.97973530344
15070005 21.0 2.69954832566
15070005 21.25 2.43960092896
15070005 21.5 2.19917979902
15070005 21.75 4.77454568351
15070005 22.0 3.66335803259
15070005 22.25 1.58698259178
15070005 22.5 1.41635188708
15070005 22.75 8.33679041365
15070005 23.0 1.11972651474
15070005 23.25 -2.00179549027
15070005 23.5 -0.48399024889
15070005 23.75 0.77246735672
15070005 24.0 0.679148461684
15070005 24.25 -3.45954351232
15070005 24.5 0.521046740721
15070005 24.75 -0.320904928163
15070005 25.0 1.30555211044
15070006 0.25 0.842626412582
15070006 0.5 2.45398374348
15070006 0.75 3.89154767005
15070006 1.0 5.04741443523
15070006 1.25 -2.09904673988
15070006 1.5 6.46298562163
15070006 1.75 3.60324371681
15070006 2.0 8.70885717741
15070006 2.25 4.73696904581
15070006 2.5 12.5052898355
15070006 2.75 -1.23373031819
15070006 3.0 5.6190073858
15070006 3.25 5.82139099679
15070006 3.5 3.14284049065
15070006 3.75 6.97152832227
15070006 4.0 7.48637328179
15070006 4.25 5.63870545453
15070006 4.5 8.56842960239
15070006 4.75 6.09708872938
15070006 5.0 11.546664254
15070006 5.25 5.82935522061
15070006 5.5 10.8926088516
15070006 5.75 11.4941070342
15070006 6.0 12.098536226
15070006 6.25 10.2805263478
15070006 6.5 13.3042624949
15070006 6.75 12.8518033428
15070006 7.0 17.7142143901
15070006 7.25 15.3952882672
15070006 7.5 14.4276201026
15070006 7.75 16.9653332201
15070006 8.0 13.8313419499
15070006 8.25 17.1556557881
15070006 8.5 17.6032663382
15070006 8.75 18.0263481231
15070006 9.0 20.2449288208
15070006 9.25 18.7620173458
15070006 9.5 21.9817315578
15070006 9.75 16.6920151548
15070006 10.0 20.5348152695
15070006 10.25 18.9663429949
15070006 10.5 28.6591838815
15070006 10.75 26.3556660404
15070006 11.0 19.9471140201
15070006 11.25 19.9221957047
15070006 11.5 19.8476273739
15070006 11.75 19.7239665454
15070006 12.0 19.5521346988
15070006 12.25 19.3334058401
15070006 12.5 25.7802711851
15070006 12.75 18.7620173458
15070006 13.0 22.8805391491
15070006 13.25 10.7241813405
15070006 13.5 17.6032663382
15070006 13.75 27.1017803731
15070006 14.0 16.6565818666
15070006 14.25 13.6013513224
15070006 14.5 18.294461837
15070006 14.75 13.6880082037
15070006 15.0 14.4845776381
15070006 15.25 21.78938367
15070006 15.5 13.3042624949
15070006 15.75 12.7029528235
15070006 16.0 14.3179485737
15070006 16.25 8.54546005301
15070006 16.5 10.8926088516
15070006 16.75 9.48729838556
15070006 17.0 18.4264297009
15070006 17.25 7.60737243602
15070006 17.5 8.56842960239
15070006 17.75 6.4667928336
15070006 18.0 4.72385741045
15070006 18.25 6.97152832227
15070006 18.5 6.47587978329
15070006 18.75 5.89023423602
15070006 19.0 3.84796020161
15070006 19.25 -0.463757275138
15070006 19.5 5.11333559479
15070006 19.75 -0.609644485694
15070006 20.0 5.31769812222
15070006 20.25 3.60324371681
15070006 20.5 -0.571465293077
15070006 20.75 5.18267888608
15070006 21.0 2.69954832566
15070006 21.25 -3.00260236191
15070006 21.5 2.57348418101
15070006 21.75 0.116697091594
15070006 22.0 1.77372964231
15070006 22.25 1.58698259178
15070006 22.5 3.99282360043
15070006 22.75 1.26091099576
15070006 23.0 1.11972651474
15070006 23.25 0.499804404627
15070006 23.5 -5.9732595014
15070006 23.75 3.03814472097
15070006 24.0 -1.78767979093
15070006 24.25 -4.18893521969
15070006 24.5 -4.70628875457
15070006 24.75 8.36947217814
15070006 25.0 -6.13697160088
15070007 0.25 4.9279969646
15070007 0.5 0.534326025555
15070007 0.75 -2.57339538545
15070007 1.0 3.92179048308
15070007 1.25 0.0439623661032
15070007 1.5 3.28079073873
15070007 1.75 6.02221435175
15070007 2.0 0.906818408254
15070007 2.25 -1.06761220645
15070007 2.5 4.70245386884
15070007 2.75 5.1132462282
15070007 3.0 5.54604173397
15070007 3.25 6.00045003485
15070007 3.5 6.47587978329
15070007 3.75 6.97152832227
15070007 4.0 5.66630285646
15070007 4.25 8.1280943939
15070007 4.5 14.5320059482
15070007 4.75 14.6763114936
15070007 5.0 11.9929107767
15070007 5.25 14.7463232872
15070007 5.5 18.2926900053
15070007 5.75 11.4941070342
15070007 6.0 14.7922481329
15070007 6.25 14.8060731285
15070007 6.5 13.3042624949
15070007 6.75 13.8992443065
15070007 7.0 11.5203934942
15070007 7.25 18.8452660871
15070007 7.5 9.27076731593
15070007 7.75 16.1486179834
15070007 8.0 11.9230549504
15070007 8.25 17.147192751
15070007 8.5 17.6032663382
15070007 8.75 16.6733510484
15070007 9.0 19.6545617485
15070007 9.25 22.7794754541
15070007 9.5 19.069390773
15070007 9.75 22.28045182
15070007 10.0 19.5521346988
15070007 10.25 17.7122217458
15070007 10.5 23.7334641549
15070007 10.75 19.6272442495
15070007 11.0 22.0885043029
15070007 11.25 19.9221957047
15070007 11.5 19.8476273739
15070007 11.75 19.7239665454
15070007 12.0 17.0818307304
15070007 12.25 25.3927627839
15070007 12.5 19.069390773
15070007 12.75 22.3968406087
15070007 13.0 15.4317665906
15070007 13.25 17.7597123231
15070007 13.5 17.6032663382
15070007 13.75 17.147192751
15070007 14.0 14.7892721877
15070007 14.25 16.1486179834
15070007 14.5 12.2564110732
15070007 14.75 15.0568716077
15070007 15.0 14.5286081915
15070007 15.25 10.4375187861
15070007 15.5 13.3042624949
15070007 15.75 10.448943235
15070007 16.0 12.098536226
15070007 16.25 11.4941070342
15070007 16.5 6.07529108571
15070007 16.75 15.3465704065
15070007 17.0 9.70930274916
15070007 17.25 9.13245426945
15070007 17.5 8.56842960239
15070007 17.75 1.44630534643
15070007 18.0 7.43628332046
15070007 18.25 0.725768218773
15070007 18.5 13.9395210544
15070007 18.75 3.77769543235
15070007 19.0 13.2624919932
15070007 19.25 6.24620628758
15070007 19.5 2.34719193516
15070007 19.75 4.31386594133
15070007 20.0 3.94750791504
15070007 20.25 3.60324371681
15070007 20.5 3.28079073873
15070007 20.75 2.74247397462
15070007 21.0 2.69954832566
15070007 21.25 -2.93818690223
15070007 21.5 -0.194879175936
15070007 21.75 1.97750207947
15070007 22.0 -0.991848445993
15070007 22.25 5.40444999052
15070007 22.5 1.41635188708
15070007 22.75 2.2276398155
15070007 23.0 0.818144807194
15070007 23.25 4.05690755578
15070007 23.5 -0.709000268958
15070007 23.75 0.77246735672
15070007 24.0 0.679148461684
15070007 24.25 0.59561218038
15070007 24.5 -0.604600128845
15070007 24.75 5.6761661574
15070007 25.0 0.395772579149
15070008 0.25 0.0922647981146
15070008 0.5 -4.93584464333
15070008 0.75 2.43960092896
15070008 1.0 -1.25637129035
15070008 1.25 5.88879672442
15070008 1.5 3.28079073873
15070008 1.75 7.51850812527
15070008 2.0 7.68491347801
15070008 2.25 4.31386594133
15070008 2.5 5.75637290138
15070008 2.75 10.1242954069
15070008 3.0 -4.10222275269
15070008 3.25 -1.2572821664
15070008 3.5 9.11077859858
15070008 3.75 5.44000212712
15070008 4.0 13.6299328398
15070008 4.25 10.0994492855
15070008 4.5 11.1507819068
15070008 4.75 16.9440468225
15070008 5.0 8.05507530877
15070008 5.25 4.87380532312
15070008 5.5 9.6587040202
15070008 5.75 11.4327950762
15070008 6.0 13.3530138963
15070008 6.25 17.2363947692
15070008 6.5 13.3042624949
15070008 6.75 15.8110684962
15070008 7.0 14.4845776381
15070008 7.25 21.4621405824
15070008 7.5 13.8160896377
15070008 7.75 16.1486179834
15070008 8.0 23.3282011337
15070008 8.25 10.7229097456
15070008 8.5 16.0676524147
15070008 8.75 18.0263481231
15070008 9.0 18.4135070152
15070008 9.25 25.2858363968
15070008 9.5 17.567284141
15070008 9.75 19.3334058401
15070008 10.0 25.7924391802
15070008 10.25 19.8711886508
15070008 10.5 19.8476273739
15070008 10.75 19.9221957047
15070008 11.0 19.9471140201
15070008 11.25 19.9221957047
15070008 11.5 13.9483612032
15070008 11.75 18.6810023518
15070008 12.0 17.1378458185
15070008 12.25 19.3334058401
15070008 12.5 17.4300609857
15070008 12.75 14.9869789257
15070008 13.0 22.8757659762
15070008 13.25 18.0263481231
15070008 13.5 21.3775635387
15070008 13.75 23.1103264131
15070008 14.0 16.6612301446
15070008 14.25 16.1486179834
15070008 14.5 13.9461192688
15070008 14.75 17.955945797
15070008 15.0 11.846060348
15070008 15.25 15.5328574489
15070008 15.5 15.1113036236
15070008 15.75 16.6237647795
15070008 16.0 12.4344655193
15070008 16.25 3.8191120735
15070008 16.5 12.350816536
15070008 16.75 12.7308522717
15070008 17.0 9.70930274916
15070008 17.25 9.13245426945
15070008 17.5 13.1794377039
15070008 17.75 4.7931677209
15070008 18.0 12.6755202721
15070008 18.25 4.22152042125
15070008 18.5 11.254096578
15070008 18.75 7.46711656041
15070008 19.0 3.75065223853
15070008 19.25 5.1132462282
15070008 19.5 2.74228922117
15070008 19.75 4.31386594133
15070008 20.0 10.9558641697
15070008 20.25 -0.0552854557278
15070008 20.5 3.28079073873
15070008 20.75 3.02124122892
15070008 21.0 2.69954832566
15070008 21.25 2.43960092896
15070008 21.5 1.39472622035
15070008 21.75 1.97750207947
15070008 22.0 9.09227236409
15070008 22.25 6.28057172809
15070008 22.5 7.77548569871
15070008 22.75 -2.70123943993
15070008 23.0 1.11972651474
15070008 23.25 -0.382721046737
15070008 23.5 1.23262225647
15070008 23.75 -0.503199087242
15070008 24.0 -4.22203439005
15070008 24.25 0.59561218038
15070008 24.5 -0.519112479558
15070008 24.75 -2.11025247397
15070008 25.0 -4.41873906403
15070009 0.25 3.77183139774
15070009 0.5 0.119663501754
15070009 0.75 2.43960092896
15070009 1.0 -3.76234898058
15070009 1.25 6.98647986965
15070009 1.5 3.28079073873
15070009 1.75 6.8134921612
15070009 2.0 3.94750791504
15070009 2.25 3.92598756527
15070009 2.5 3.01743308333
15070009 2.75 8.43852581032
15070009 3.0 1.90442437053
15070009 3.25 15.7805045916
15070009 3.5 4.89636161112
15070009 3.75 6.97152832227
15070009 4.0 2.28832579492
15070009 4.25 8.0191663671
15070009 4.5 15.438479535
15070009 4.75 9.13245426945
15070009 5.0 16.3502424317
15070009 5.25 15.1742809414
15070009 5.5 9.91753438186
15070009 5.75 15.4577582878
15070009 6.0 12.8636237434
15070009 6.25 12.7029528235
15070009 6.5 16.9895081915
15070009 6.75 11.4381755395
15070009 7.0 15.3311526753
15070009 7.25 15.0568716077
15070009 7.5 7.93233912279
15070009 7.75 16.1486179834
15070009 8.0 22.4674798278
15070009 8.25 23.7427454737
15070009 8.5 17.6032663382
15070009 8.75 24.6148100676
15070009 9.0 25.1053313771
15070009 9.25 18.7620173458
15070009 9.5 16.680064412
15070009 9.75 15.9343423956
15070009 10.0 19.5521346988
15070009 10.25 19.7239665454
15070009 10.5 19.8476273739
15070009 10.75 22.2248348345
15070009 11.0 19.9471140201
15070009 11.25 24.7963511767
15070009 11.5 22.4715796484
15070009 11.75 19.7239665454
15070009 12.0 24.7726292667
15070009 12.25 22.6697345608
15070009 12.5 17.7114756057
15070009 12.75 19.2479793749
15070009 13.0 15.8585809987
15070009 13.25 10.6615669232
15070009 13.5 17.6032663382
15070009 13.75 17.147192751
15070009 14.0 14.6910103994
15070009 14.25 16.1486179834
15070009 14.5 18.3923800744
15070009 14.75 18.5854173836
15070009 15.0 8.81196221978
15070009 15.25 21.4495046111
15070009 15.5 13.3042624949
15070009 15.75 10.7671013343
15070009 16.0 12.098536226
15070009 16.25 11.4941070342
15070009 16.5 10.8926088516
15070009 16.75 10.3419838385
15070009 17.0 2.36638777164
15070009 17.25 9.13245426945
15070009 17.5 13.5281140789
15070009 17.75 13.84580016
15070009 18.0 7.48637328179
15070009 18.25 6.97152832227
15070009 18.5 7.29072156053
15070009 18.75 5.40658894927
15070009 19.0 8.4028226978
15070009 19.25 1.38935311987
15070009 19.5 0.306060025442
15070009 19.75 4.13477927756
15070009 20.0 10.2722970781
15070009 20.25 11.2225549913
15070009 20.5 3.28079073873
15070009 20.75 2.74464873389
15070009 21.0 2.69954832566
15070009 21.25 -4.56792680821
15070009 21.5 7.08539705243
15070009 21.75 1.70777894686
15070009 22.0 1.79012090055
15070009 22.25 1.58698259178
15070009 22.5 1.41635188708
15070009 22.75 3.14304380982
15070009 23.0 7.32840761429
15070009 23.25 0.99186771959
15070009 23.5 1.2005865723
15070009 23.75 0.681649094906
15070009 24.0 0.679148461684
15070009 24.25 -2.06281885764
15070009 24.5 -0.695654954344
15070009 24.75 -3.92184388883
15070009 25.0 0.395772579149
