15070000.0 100.25 3.22721134508
15070000.01 100.5 3.29134544799
15070000.02 100.75 3.32653153309
15070000.03 101.0 3.33301941506
15070000.04 101.25 3.31292881632
15070000.05 101.5 3.27009185147
15070000.06 101.75 3.20978843312
15070000.07 102.0 3.13839131877
15070000.08 102.25 3.06294313987
15070000.09 102.5 2.99069198403
15070000.1 102.75 2.92861467615
15070000.11 103.0 2.88295766437
15070000.12 103.25 2.85882431441
15070000.13 103.5 2.8598345205
15070000.14 103.75 2.88787803197
15070000.15 104.0 2.94297705268
15070000.16 104.25 3.02326685912
15070000.17 104.5 3.12509582582
15070000.18 104.75 3.2432388011
15070000.19 105.0 3.37121070599
15070000.2 105.25 3.50166097288
15070000.21 105.5 3.62682438946
15070000.22 105.75 3.73900037921
15070000.23 106.0 3.83103095541
15070000.24 106.25 3.89674763996
15070000.25 106.5 3.93135954089
15070000.26 106.75 3.93175841331
15070000.27 107.0 3.89672166332
15070000.28 107.25 3.82700057376
15070000.29 107.5 3.72528814173
15070000.3 107.75 3.59606837953
15070000.31 108.0 3.4453562778
15070000.32 108.25 3.28034440769
15070000.33 108.5 3.10897792479
15070000.34 108.75 2.93948417249
15070000.35 109.0 2.77988589137
15070000.36 109.25 2.63752804858
15070000.37 109.5 2.51864744532
15070000.38 109.75 2.42801159403
15070000.39 110.0 2.36864904667
15070000.4 110.25 2.34168766813
15070000.41 110.5 2.3463106394
15070000.42 110.75 2.37983265937
15070000.43 111.0 2.43789134869
15070000.44 111.25 2.51474170554
15070000.45 111.5 2.60363506903
15070000.46 111.75 2.69725880597
15070000.47 112.0 2.78820917882
15070000.48 112.25 2.86946780856
15070000.49 112.5 2.93485194375
15070000.5 112.75 2.97941039861
15070000.51 113.0 2.99974042519
15070000.52 113.25 2.99420572582
15070000.53 113.5 2.96304198527
15070000.54 113.75 2.90834332248
15070000.55 114.0 2.83393049287
15070000.56 114.25 2.74510905208
15070000.57 114.5 2.64833256099
15070000.58 114.75 2.55079184288
15070000.59 115.0 2.45995592741
15070000.6 115.25 2.38309334537
15070000.61 115.5 2.32680368364
15070000.62 115.75 2.29658869457
15070000.63 116.0 2.29648981519
15070000.64 116.25 2.32881484172
15070000.65 116.5 2.39397097808
15070000.66 116.75 2.49041487801
15070000.67 117.0 2.61472303794
15070000.68 117.25 2.76177842464
15070000.69 117.5 2.92506200152
15070000.7 117.75 3.09703129904
15070000.71 118.0 3.26956276464
15070000.72 118.25 3.43443065997
15070000.73 118.5 3.58379299687
15070000.74 118.75 3.71065455913
15070000.75 119.0 3.80927847163
15070000.76 119.25 3.87552096575
15070000.77 119.5 3.90706875059
15070000.78 119.75 3.90356443776
15070000.79 120.0 3.86661240928
15070000.8 120.25 3.79966493041
15070000.81 120.5 3.70779573236
15070000.82 120.75 3.59737526255
15070000.83 121.0 3.47566788839
15070000.84 121.25 3.35037616698
15070000.85 121.5 3.22916055728
15070000.86 121.75 3.1191644508
15070000.87 122.0 3.02657403864
15070000.88 122.25 2.95624033926
15070000.89 122.5 2.91138681984
15070000.9 122.75 2.89342069549
15070000.91 123.0 2.90185951956
15070000.92 123.25 2.93437748571
15070000.93 123.5 2.98696839652
15070000.94 123.75 3.05421497906
15070000.95 124.0 3.12964759628
15070000.96 124.25 3.20616982828
15070000.97 124.5 3.27652422488
15070000.98 124.75 3.33376902126
15070000.99 125.0 3.37173591703
