持续追加内容
0.395772579149
0.45467812508
0.521046740721
0.59561218038
0.679148461684
0.77246735672
0.876415024678
0.99186771959
1.11972651474
1.26091099576
1.41635188708
1.58698259178
1.77372964231
1.97750207947
2.19917979902
2.43960092896
15.035419917
2.97973530344
3.28079073873
3.60324371681
3.94750791504
4.31386594133
4.70245386884
5.73036802316
5.54604173397
6.00045003485
6.47587978329
6.97152832227
7.48637328179
8.0191663671
8.56842960239
9.13245426945
9.70930274916
10.296813436
10.8926088516
11.4941070342
12.098536226
12.7029528235
4.940420729
8.03947995098
14.4845776381
15.0568716077
15.6126966683
16.1486179834
16.6612301446
17.147192751
17.6032663382
18.0263481231
18.4135070152
18.7620173458
19.069390773
19.3334058401
19.5521346988
19.7239665454
19.8476273739
19.9221957047
19.9471140201
0.114626931134
19.8476273739
10.9380399782
19.5521346988
19.3334058401
19.069390773
18.7620173458
18.4135070152
18.0263481231
17.6032663382
17.147192751
16.6612301446
16.1486179834
15.6126966683
8.78315829632
4.94819469279
13.8992443065
13.3042624949
12.7029528235
12.098536226
1.30124043439
10.8926088516
10.296813436
9.70930274916
9.13245426945
13.6840222549
7.4334881529
7.48637328179
6.97152832227
6.47587978329
11.0542709169
5.54604173397
5.1132462282
4.70245386884
4.31386594133
3.94750791504
3.60324371681
3.28079073873
2.97973530344
2.69954832566
5.27769970484
2.19917979902
1.97750207947
