15070000.0 100.25 13.2272113451
15070000.01 100.5 13.3014464581
15070000.02 100.75 13.3467335533
15070000.03 101.0 13.3633224454
15070000.04 101.25 13.3533328567
15070000.05 101.5 13.320596902
15070000.06 101.75 13.2703944937
15070000.07 102.0 13.2090983895
15070000.08 102.25 13.1437512207
15070000.09 102.5 13.0816010749
15070000.1 102.75 13.0296247772
15070000.11 103.0 12.9940687755
15070000.12 103.25 12.9800364356
15070000.13 103.5 12.9911476518
15070000.14 103.75 13.0292921734
15070000.15 104.0 13.0944922042
15070000.16 104.25 13.1848830207
15070000.17 104.5 13.2968129975
15070000.18 104.75 13.4250569829
15070000.19 105.0 13.5631298979
15070000.2 105.25 13.7036811749
15070000.21 105.5 13.8389456016
15070000.22 105.75 13.9612226014
15070000.23 106.0 14.0633541877
15070000.24 106.25 14.1391718824
15070000.25 106.5 14.1838847934
15070000.26 106.75 14.1943846759
15070000.27 107.0 14.1694489361
15070000.28 107.25 14.1098288566
15070000.29 107.5 14.0182174347
15070000.3 107.75 13.8990986826
15070000.31 108.0 13.7584875909
15070000.32 108.25 13.6035767309
15070000.33 108.5 13.4423112581
15070000.34 108.75 13.2829185159
15070000.35 109.0 13.1334212449
15070000.36 109.25 13.0011644122
15070000.37 109.5 12.8923848191
15070000.38 109.75 12.8118499779
15070000.39 110.0 12.7625884406
15070000.4 110.25 12.7457280722
15070000.41 110.5 12.7604520535
15070000.42 110.75 12.8040750836
15070000.43 111.0 12.872234783
15070000.44 111.25 12.95918615
15070000.45 111.5 13.0581805236
15070000.46 111.75 13.1619052706
15070000.47 112.0 13.2629566536
15070000.48 112.25 13.3543162934
15070000.49 112.5 13.4298014387
15070000.5 112.75 13.4844609037
15070000.51 113.0 13.5148919403
15070000.52 113.25 13.5194582511
15070000.53 113.5 13.4983955206
15070000.54 113.75 13.4537978679
15070000.55 114.0 13.3894860484
15070000.56 114.25 13.3107656177
15070000.57 114.5 13.2240901367
15070000.58 114.75 13.1366504287
15070000.59 115.0 13.0559155234
15070000.6 115.25 12.9891539514
15070000.61 115.5 12.9429652998
15070000.62 115.75 12.9228513208
15070000.63 116.0 12.9328534516
15070000.64 116.25 12.9752794882
15070000.65 116.5 13.0505366346
15070000.66 116.75 13.1570815447
15070000.67 117.0 13.2914907147
15070000.68 117.25 13.4486471115
15070000.69 117.5 13.6220316985
15070000.7 117.75 13.8041020061
15070000.71 118.0 13.9867344818
15070000.72 118.25 14.1617033872
15070000.73 118.5 14.3211667342
15070000.74 118.75 14.4581293066
15070000.75 119.0 14.5668542292
15070000.76 119.25 14.6431977334
15070000.77 119.5 14.6848465284
15070000.78 119.75 14.6914432256
15070000.79 120.0 14.6645922073
15070000.8 120.25 14.6077457385
15070000.81 120.5 14.5259775505
15070000.82 120.75 14.4256580908
15070000.83 121.0 14.3140517268
15070000.84 121.25 14.1988610155
15070000.85 121.5 14.0877464159
15070000.86 121.75 13.9878513195
15070000.87 122.0 13.9053619174
15070000.88 122.25 13.8451292282
15070000.89 122.5 13.8103767188
15070000.9 122.75 13.8025116046
15070000.91 123.0 13.8210514388
15070000.92 123.25 13.863670415
15070000.93 123.5 13.9263623359
15070000.94 123.75 14.0037099286
15070000.95 124.0 14.0892435559
15070000.96 124.25 14.175866798
15070000.97 124.5 14.2563222047
15070000.98 124.75 14.3236680112
15070000.99 125.0 14.371735917
