15070000.0 100.25 11.1390956612
15070000.01 100.5 16.7477738585
15070000.02 100.75 17.579371987
15070000.03 101.0 13.0081491543
15070000.04 101.25 17.5872232332
15070000.05 101.5 12.8254270696
15070000.06 101.75 12.6475471176
15070000.07 102.0 12.4363860775
15070000.08 102.25 16.8820574015
15070000.09 102.5 11.9993486794
15070000.1 102.75 10.6923667892
15070000.11 103.0 11.6822063264
15070000.12 103.25 6.86411162608
15070000.13 103.5 16.5763903314
15070000.14 103.75 10.820078979
15070000.15 104.0 8.72264558976
15070000.16 104.25 13.6452054268
15070000.17 104.5 15.0153537804
15070000.18 104.75 11.4808763685
15070000.19 105.0 13.1712078755
15070000.2 105.25 16.671667579
15070000.21 105.5 13.944109532
15070000.22 105.75 14.2836678043
15070000.23 106.0 19.2181532689
15070000.24 106.25 14.7629701926
15070000.25 106.5 14.9870683357
15070000.26 106.75 12.7264096316
15070000.27 107.0 14.7719831718
15070000.28 107.25 9.90481683626
15070000.29 107.5 15.0656526758
15070000.3 107.75 13.8791142295
15070000.31 108.0 9.0892286023
15070000.32 108.25 12.93800292
15070000.33 108.5 14.8345867952
15070000.34 108.75 11.9214828205
15070000.35 109.0 11.4457182802
15070000.36 109.25 11.0216750548
15070000.37 109.5 13.6530191492
15070000.38 109.75 10.3991862972
15070000.39 110.0 14.9430158501
15070000.4 110.25 10.1462751256
15070000.41 110.5 10.1631743424
15070000.42 110.75 5.45385811631
15070000.43 111.0 13.222713589
15070000.44 111.25 10.67755845
15070000.45 111.5 14.7322364234
15070000.46 111.75 11.2311703573
15070000.47 112.0 7.99524812657
15070000.48 112.25 11.0418496835
15070000.49 112.5 11.9530406797
15070000.5 112.75 13.9590035626
15070000.51 113.0 12.1537667301
15070000.52 113.25 9.03570499782
15070000.53 113.5 12.0497320164
15070000.54 113.75 11.8886663311
15070000.55 114.0 11.6684581453
15070000.56 114.25 13.3969298758
15070000.57 114.5 6.30622423179
15070000.58 114.75 9.46684052625
15070000.59 115.0 8.87842809865
15070000.6 115.25 6.39964782292
15070000.61 115.5 10.1652595358
15070000.62 115.75 10.0776448716
15070000.63 116.0 14.8591105332
15070000.64 116.25 9.67980920761
15070000.65 116.5 10.3788826312
15070000.66 116.75 10.671244634
15070000.67 117.0 8.51953029249
15070000.68 117.25 13.6339344522
15070000.69 117.5 11.9842769136
15070000.7 117.75 14.0600529528
15070000.71 118.0 13.0238398091
15070000.72 118.25 13.5214737981
15070000.73 118.5 9.85592420828
15070000.74 118.75 14.3562061016
15070000.75 119.0 16.7056184239
15070000.76 119.25 17.124725896
15070000.77 119.5 14.9545395851
15070000.78 119.75 14.9470569496
15070000.79 120.0 9.98145890221
15070000.8 120.25 12.1234850448
15070000.81 120.5 17.7689028205
15070000.82 120.75 14.0406106361
15070000.83 121.0 15.9625948792
15070000.84 121.25 13.3056739555
15070000.85 121.5 12.9450574294
15070000.86 121.75 12.618099413
15070000.87 122.0 10.1569779086
15070000.88 122.25 13.7407213369
15070000.89 122.5 12.0038574292
15070000.9 122.75 9.70869918997
15070000.91 123.0 11.9813361344
15070000.92 123.25 12.0819203359
15070000.93 123.5 12.2427233714
15070000.94 123.75 13.3641006053
15070000.95 124.0 14.6372002973
15070000.96 124.25 16.9463135799
15070000.97 124.5 13.1235120686
15070000.98 124.75 17.3227265259
15070000.99 125.0 13.4152077511
