15070000.0 100.25 12.6816340352
15070000.01 100.5 13.5054836858
15070000.02 100.75 11.626328438
15070000.03 101.0 13.0081491543
15070000.04 101.25 12.6154081803
15070000.05 101.5 13.1939614064
15070000.06 101.75 13.5777672178
15070000.07 102.0 12.4363860775
15070000.08 102.25 12.2130718439
15070000.09 102.5 11.9993486794
15070000.1 102.75 11.8161470588
15070000.11 103.0 10.7025414669
15070000.12 103.25 11.6128365796
15070000.13 103.5 13.0477801823
15070000.14 103.75 12.0837731058
15070000.15 104.0 10.4233876558
15070000.16 104.25 13.2654769636
15070000.17 104.5 13.6579962328
15070000.18 104.75 12.7842618579
15070000.19 105.0 13.1712078755
15070000.2 105.25 13.5655889793
15070000.21 105.5 13.1757490908
15070000.22 105.75 14.0581440886
15070000.23 106.0 14.5627898359
15070000.24 106.25 13.7319204784
15070000.25 106.5 14.8698361984
15070000.26 106.75 14.8740631187
15070000.27 107.0 14.2455167392
15070000.28 107.25 14.9639266215
15070000.29 107.5 12.7639435722
15070000.3 107.75 15.3271696255
15070000.31 108.0 13.4300082273
15070000.32 108.25 14.145615221
15070000.33 108.5 13.8418739171
15070000.34 108.75 11.9214828205
15070000.35 109.0 11.4457182802
15070000.36 109.25 11.0216750548
15070000.37 109.5 10.9771678022
15070000.38 109.75 10.3991862972
15070000.39 110.0 10.2241289582
15070000.4 110.25 10.1462751256
15070000.41 110.5 10.1631743424
15070000.42 110.75 10.2667707054
15070000.43 111.0 9.84020116942
15070000.44 111.25 10.333332805
15070000.45 111.5 12.7454894925
15070000.46 111.75 11.2311703573
15070000.47 112.0 11.5070517789
15070000.48 112.25 11.7538579711
15070000.49 112.5 11.9530406797
15070000.5 112.75 12.0897463473
15070000.51 113.0 12.1537667301
15070000.52 113.25 11.4408698166
15070000.53 113.5 12.1823986914
15070000.54 113.75 11.5460975817
15070000.55 114.0 10.988411604
15070000.56 114.25 11.4050241259
15070000.57 114.5 10.5557567329
15070000.58 114.75 9.35010798585
15070000.59 115.0 8.96745224351
15070000.6 115.25 10.7414792437
15070000.61 115.5 9.86303783165
15070000.62 115.75 8.71859817097
15070000.63 116.0 10.0803785365
15070000.64 116.25 9.92997712995
15070000.65 116.5 8.77064319373
15070000.66 116.75 10.671244634
15070000.67 117.0 9.12441943672
15070000.68 117.25 11.49139588
15070000.69 117.5 10.9036099186
15070000.7 117.75 12.5032151092
15070000.71 118.0 12.8449441884
15070000.72 118.25 13.5214737981
15070000.73 118.5 13.9725911118
15070000.74 118.75 14.6997075569
15070000.75 119.0 14.6551081421
15070000.76 119.25 15.0254096381
15070000.77 119.5 14.5681853411
15070000.78 119.75 14.9470569496
15070000.79 120.0 14.8392311672
15070000.8 120.25 13.8068940207
15070000.81 120.5 13.674778829
15070000.82 120.75 12.0871875408
15070000.83 121.0 13.815444692
15070000.84 121.25 14.9925052541
15070000.85 121.5 14.6477442769
15070000.86 121.75 13.1404786035
15070000.87 122.0 12.4220792654
15070000.88 122.25 12.8264557361
15070000.89 122.5 12.0686283129
15070000.9 122.75 11.9529893592
15070000.91 123.0 11.0571270196
15070000.92 123.25 12.0819203359
15070000.93 123.5 12.2427233714
15070000.94 123.75 12.447493422
15070000.95 124.0 12.6768215767
15070000.96 124.25 11.8814878854
15070000.97 124.5 13.1235120686
15070000.98 124.75 14.8207421457
15070000.99 125.0 13.4152077511
