15020008 0.25 0.40
15020008 0.50 0.45
15020008 0.75 0.52
15020008 1.00 0.60
15020008 1.25 0.68
15020008 1.50 0.77
15020008 1.75 0.88
15020008 2.00 0.99
15020008 2.25 1.43
15020008 2.50 1.26
15020008 2.75 1.42
15020008 3.00 1.59
15020008 3.25 1.77
15020008 3.50 3.17
15020008 3.75 2.20
15020008 4.00 2.44
15020008 4.25 2.70
15020008 4.50 2.98
15020008 4.75 3.28
15020008 5.00 3.60
15020008 5.25 3.95
15020008 5.50 4.31
15020008 5.75 4.70
15020008 6.00 5.11
15020008 6.25 2.82
15020008 6.50 6.00
15020008 6.75 6.48
15020008 7.00 6.97
15020008 7.25 7.49
15020008 7.50 8.02
15020008 7.75 8.57
15020008 8.00 9.36
15020008 8.25 9.71
15020008 8.50 10.30
15020008 8.75 10.89
15020008 9.00 16.13
15020008 9.25 12.10
15020008 9.50 12.70
15020008 9.75 13.30
15020008 10.00 13.90
15020008 10.25 14.48
15020008 10.50 15.06
15020008 10.75 15.61
15020008 11.00 16.15
15020008 11.25 16.66
15020008 11.50 17.15
15020008 11.75 17.60
15020008 12.00 18.03
15020008 12.25 18.41
15020008 12.50 18.76
15020008 12.75 19.07
15020008 13.00 19.33
15020008 13.25 19.55
15020008 13.50 19.72
15020008 13.75 19.85
15020008 14.00 19.92
15020008 14.25 19.95
15020008 14.50 19.92
15020008 14.75 19.85
15020008 15.00 19.72
15020008 15.25 19.55
15020008 15.50 19.33
15020008 15.75 19.07
15020008 16.00 18.76
15020008 16.25 18.41
15020008 16.50 7.09
15020008 16.75 17.60
15020008 17.00 17.15
15020008 17.25 16.66
15020008 17.50 16.15
15020008 17.75 0.47
15020008 18.00 15.06
15020008 18.25 14.48
15020008 18.50 13.90
15020008 18.75 13.30
15020008 19.00 12.70
15020008 19.25 12.10
15020008 19.50 11.49
15020008 19.75 10.89
15020008 20.00 10.30
15020008 20.25 9.71
15020008 20.50 9.13
15020008 20.75 3.22
15020008 21.00 8.02
15020008 21.25 7.49
15020008 21.50 6.97
15020008 21.75 18.07
15020008 22.00 6.00
15020008 22.25 5.55
15020008 22.50 5.11
15020008 22.75 4.70
15020008 23.00 4.31
15020008 23.25 3.95
15020008 23.50 18.13
15020008 23.75 3.28
15020008 24.00 2.98
15020008 24.25 2.70
15020008 24.50 2.44
15020008 24.75 2.20
15020008 25.00 1.98
